%Damian Krata dane do lab8

C1 = 10;
C2 = 5;
C3 = 2;
R1 = 0.3;
R2 = 2;
R3 = 3;

kg  = 42.1;
Tg  = 9.27;
p0  = 1;
d11 = 1/(R1*C1);
d12 = 1/(R1*C2);
d22 = 1/(R2*C2);
d23 = 1/(R2*C3);
d33 = 1/(R3*C3);


A = [-d11,   d11,        0;
    d12,    -d12-d22,   d22;
    0,      d23,        -d23-d33];

B = [1/C1; 0; 0];
C = [0, 0,  1];
D=[0]

w0 = d11*d22*d33;
w1 = d11*(d22+d23+d33) + d12*(d23+d33) + d22*d33;
w2 = d11 + d12 + d22 + d23 + d33;

a3 = 1/w0;
a2 = w2/w0;
a1 = w1/w0;

b0  = d12*d23 / (C1*w0);
kp1=0.5*kg;
kp2=0.45*kg;
Ti2=Tg/1.2
kp3=0.6*kg;
Ti3=Tg/2;
Td3=Tg/8;


